证券代码,证券简称,截止日期,股东总户数,Ａ股户数,Ｂ股户数,Ｈ股户数,户均持股,户均持股比例,前十大股东,股东持股数量,股东持股比例,股东持股比例比上报告期增减
000001,平安银行,2014-03-31,319109,319109,-,-,29835,0.0031,前十大股东,6097041685,64.04,-0.31
000001,平安银行,2014-06-30,298305,298305,-,-,38299,0.0034,前十大股东,7342318136,64.266,0.226
000001,平安银行,2014-09-30,311571,311571,-,-,36669,0.0032,前十大股东,7381355161,64.608,0.342
000001,平安银行,2014-12-31,275838,275838,-,-,41419,0.0036,前十大股东,7370435009,64.512,-0.096
000001,平安银行,2015-03-31,313029,313029,-,-,36498,0.0032,前十大股东,7366668024,64.479,-0.033
000001,平安银行,2015-06-30,418294,418294,-,-,34207,0.0024,前十大股东,9039574386,63.175,-1.304
000001,平安银行,2015-09-30,358049,358049,-,-,39963,0.0028,前十大股东,9513216268,66.486,3.311
000001,平安银行,2015-12-31,332918,332918,-,-,42980,0.003,前十大股东,9452256568,66.06,-0.426
000001,平安银行,2016-03-31,341525,341525,-,-,41896,0.0029,前十大股东,9379768810,65.553,-0.507
