证券代码,证券简称,截止日期,股东总户数,Ａ股户数,Ｂ股户数,Ｈ股户数,户均持股,户均持股比例,前十大股东,股东持股数量,股东持股比例,股东持股比例比上报告期增减
300033,同花顺,2014-03-31,11711,11711,-,-,11476,0.0854,前十大股东,100655047,74.892,-0.362
300033,同花顺,2014-06-30,14770,14770,-,-,18199,0.0677,前十大股东,192558740,71.636,-3.256
300033,同花顺,2014-09-30,13585,13585,-,-,19787,0.0736,前十大股东,204674626,76.144,4.508
300033,同花顺,2014-12-31,23034,23034,-,-,11670,0.0434,前十大股东,201746123,75.054,-1.09
300033,同花顺,2015-03-31,22056,22056,-,-,12187,0.0453,前十大股东,202993575,75.518,0.464
300033,同花顺,2015-06-30,57495,57495,-,-,9350,0.0174,前十大股东,392127171,72.94,-2.578
300033,同花顺,2015-09-30,49738,49738,-,-,10809,0.0201,前十大股东,402109002,74.797,1.857
300033,同花顺,2015-12-31,76291,76291,-,-,7047,0.0131,前十大股东,388446212,72.256,-2.541
300033,同花顺,2016-03-31,61088,61088,-,-,8800,0.0164,前十大股东,394078071,73.303,1.047
